%
% Name = Adapted Mesh
%
% Problem dimension
%
NDIME=       2
%
% Inner element connectivity
%
NELEM=   46166
      9      0  16312  28943  16313      0
      9  16312   8186  16314  28943      1
      9  28943  16314  15914  16315      2
      9  16313  28943  16315   8187      3
      9   8186  16316  28944  16314      4
      9  16316   3902  16317  28944      5
      9  28944  16317   8188  16318      6
      9  16314  28944  16318  15914      7
      9  15914  16318  28945  16319      8
      9  16318   8188  16320  28945      9
      9  28945  16320   7904  16321     10
      9  16319  28945  16321   8189     11
      9   8187  16315  28946  16322     12
      9  16315  15914  16319  28946     13
      9  28946  16319   8189  16323     14
      9  16322  28946  16323   3903     15
      9   3902  16324  28947  16317     16
      9  16324   8190  16325  28947     17
      9  28947  16325  15915  16326     18
      9  16317  28947  16326   8188     19
      9  15915  16325  16327   8191     20
      9  16325   8190   2074  16327     21
      9   8192  16328  16329   3904     22
      9  16328  15915   8191  16329     23
      9   8188  16326  28948  16320     24
      9  16326  15915  16328  28948     25
      9  28948  16328   8192  16330     26
      9  16320  28948  16330   7904     27
      9   7904  16330  28949  16331     28
      9  16330   8192  16332  28949     29
      9  28949  16332  15916  16333     30
      9  16331  28949  16333   8193     31
      9  15916  16332  16334   8194     32
      9  16332   8192   3904  16334     33
      9   8195  16335  16336   3790     34
      9  16335  15916   8194  16336     35
      9   8193  16333  28950  16337     36
      9  16333  15916  16335  28950     37
      9  28950  16335   8195  16338     38
      9  16337  28950  16338   3905     39
      9   3903  16323  28951  16339     40
      9  16323   8189  16340  28951     41
      9  28951  16340  15917  16341     42
      9  16339  28951  16341   8196     43
      9   8189  16321  28952  16340     44
      9  16321   7904  16331  28952     45
      9  28952  16331   8193  16342     46
      9  16340  28952  16342  15917     47
      9  15917  16342  28953  16343     48
      9  16342   8193  16337  28953     49
      9  28953  16337   3905  16344     50
      9  16343  28953  16344   8197     51
      9   8196  16341  28954  16345     52
      9  16341  15917  16343  28954     53
      9  28954  16343   8197  16346     54
      9  16345  28954  16346   2075     55
      9   8191  16327  16347  15918     56
      9  16327   2074   8198  16347     57
      9  15918  16347  16348   8199     58
      9  16347   8198   3906  16348     59
      9   8200  16349  16350   7905     60
      9  16349  15918   8199  16350     61
      9   3904  16329  16349   8200     62
      9  16329   8191  15918  16349     63
      9   8199  16348  16351  15919     64
      9  16348   3906   8201  16351     65
      9  15919  16351  16352   8202     66
      9  16351   8201    898  16352     67
      9   8203  16353  16354   3907     68
      9  16353  15919   8202  16354     69
      9   7905  16350  16353   8203     70
      9  16350   8199  15919  16353     71
      9   8204  16355  16356  15920     72
      9  16355   7905   8203  16356     73
      9  15920  16356  16357   8205     74
      9  16356   8203   3907  16357     75
      9   8206  16358  16359   2076     76
      9  16358  15920   8205  16359     77
      9   3908  16360  16358   8206     78
      9  16360   8204  15920  16358     79
      9   8194  16334  16361  15921     80
      9  16334   3904   8200  16361     81
      9  15921  16361  16355   8204     82
      9  16361   8200   7905  16355     83
      9   8207  16362  16360   3908     84
      9  16362  15921   8204  16360     85
      9   3790  16336  16362   8207     86
      9  16336   8194  15921  16362     87
      9   8208  16363  16364  15922     88
      9  16363   3790   8207  16364     89
      9  15922  16364  16365   8209     90
      9  16364   8207   3908  16365     91
      9   8210  16366  16367   7906     92
      9  16366  15922   8209  16367     93
      9   3909  16368  16366   8210     94
      9  16368   8208  15922  16366     95
      9   8209  16365  16369  15923     96
      9  16365   3908   8206  16369     97
      9  15923  16369  16370   8211     98
      9  16369   8206   2076  16370     99
      9   8212  16371  16372   3910    100
      9  16371  15923   8211  16372    101
      9   7906  16367  16371   8212    102
      9  16367   8209  15923  16371    103
      9   8213  16373  16374  15924    104
      9  16373   7906   8212  16374    105
      9  15924  16374  16375   8214    106
      9  16374   8212   3910  16375    107
      9   8215  16376  16377   1934    108
      9  16376  15924   8214  16377    109
      9   3911  16378  16376   8215    110
      9  16378   8213  15924  16376    111
      9   8216  16379  16380  15925    112
      9  16379   3909   8210  16380    113
      9  15925  16380  16373   8213    114
      9  16380   8210   7906  16373    115
      9   8217  16381  16378   3911    116
      9  16381  15925   8213  16378    117
      9   2077  16382  16381   8217    118
      9  16382   8216  15925  16381    119
      9   2075  16346  28955  16383    120
      9  16346   8197  16384  28955    121
      9  28955  16384  15926  16385    122
      9  16383  28955  16385   8218    123
      9   8197  16344  28956  16384    124
      9  16344   3905  16386  28956    125
      9  28956  16386   8219  16387    126
      9  16384  28956  16387  15926    127
      9  15926  16387  28957  16388    128
      9  16387   8219  16389  28957    129
      9  28957  16389   7907  16390    130
      9  16388  28957  16390   8220    131
      9   8218  16385  28958  16391    132
      9  16385  15926  16388  28958    133
      9  28958  16388   8220  16392    134
      9  16391  28958  16392   3912    135
      9   3905  16338  28959  16386    136
      9  16338   8195  16393  28959    137
      9  28959  16393  15927  16394    138
      9  16386  28959  16394   8219    139
      9  15927  16393  16363   8208    140
      9  16393   8195   3790  16363    141
      9   8221  16395  16368   3909    142
      9  16395  15927   8208  16368    143
      9   8219  16394  28960  16389    144
      9  16394  15927  16395  28960    145
      9  28960  16395   8221  16396    146
      9  16389  28960  16396   7907    147
      9   7907  16396  28961  16397    148
      9  16396   8221  16398  28961    149
      9  28961  16398  15928  16399    150
      9  16397  28961  16399   8222    151
      9  15928  16398  16379   8216    152
      9  16398   8221   3909  16379    153
      9   8223  16400  16382   2077    154
      9  16400  15928   8216  16382    155
      9   8222  16399  28962  16401    156
      9  16399  15928  16400  28962    157
      9  28962  16400   8223  16402    158
      9  16401  28962  16402   3913    159
      9   3912  16392  28963  16403    160
      9  16392   8220  16404  28963    161
      9  28963  16404  15929  16405    162
      9  16403  28963  16405   8224    163
      9   8220  16390  28964  16404    164
      9  16390   7907  16397  28964    165
      9  28964  16397   8222  16406    166
      9  16404  28964  16406  15929    167
      9  15929  16406  28965  16407    168
      9  16406   8222  16401  28965    169
      9  28965  16401   3913  16408    170
      9  16407  28965  16408   8225    171
      9   8224  16405  28966  16409    172
      9  16405  15929  16407  28966    173
      9  28966  16407   8225  16410    174
      9  16409  28966  16410    899    175
      9   1934  16377  16411   3914    176
      9  16377   8214   8226  16411    177
      9   8214  16375  16412   8226    178
      9  16375   3910   7908  16412    179
      9   3910  16372  16413   7908    180
      9  16372   8211   8227  16413    181
      9   8211  16370  16414   8227    182
      9  16370   2076   3915  16414    183
      9   7908  16413  16415   3916    184
      9  16413   8227   8228  16415    185
      9   8227  16414  16416   8228    186
      9  16414   3915   2078  16416    187
      9   3914  16411  16417    900    188
      9  16411   8226   8229  16417    189
      9   8226  16412  16418   8229    190
      9  16412   7908   3916  16418    191
      9   2076  16359  16419   3915    192
      9  16359   8205   8230  16419    193
      9   8205  16357  16420   8230    194
      9  16357   3907   7909  16420    195
      9   3907  16354  16421   7909    196
      9  16354   8202   8231  16421    197
      9   8202  16352  16422   8231    198
      9  16352    898   3917  16422    199
      9   7909  16421  16423   3918    200
      9  16421   8231   8232  16423    201
      9   8231  16422  16424   8232    202
      9  16422   3917     15  16424    203
      9   3915  16419  16425   2078    204
      9  16419   8230   8233  16425    205
      9   8230  16420  16426   8233    206
      9  16420   7909   3918  16426    207
      9    901  16427  16428   3920    208
      9  16427   8234   8235  16428    209
      9   8234  16429  16430   8235    210
      9  16429   3919   7910  16430    211
      9   3919  16431  16432   7910    212
      9  16431   8236   8237  16432    213
      9   8236  16433  16434   8237    214
      9  16433   2079   3921  16434    215
      9   7910  16432  16435   3922    216
      9  16432   8237   8238  16435    217
      9   8237  16434  16436   8238    218
      9  16434   3921   2080  16436    219
      9   3920  16428  16437     16    220
      9  16428   8235   8239  16437    221
      9   8235  16430  16438   8239    222
      9  16430   7910   3922  16438    223
      9   2079  16439  16440   3921    224
      9  16439   8240   8241  16440    225
      9   8240  16441  16442   8241    226
      9  16441   3923   7911  16442    227
      9   3923  16443  16444   7911    228
      9  16443   8242   8243  16444    229
      9   8242  16445  16446   8243    230
      9  16445   1934   3914  16446    231
      9   7911  16444  16447   3924    232
      9  16444   8243   8244  16447    233
      9   8243  16446  16448   8244    234
      9  16446   3914    900  16448    235
      9   3921  16440  16449   2080    236
      9  16440   8241   8245  16449    237
      9   8241  16442  16450   8245    238
      9  16442   7911   3924  16450    239
      9    899  16410  28967  16451    240
      9  16410   8225  16452  28967    241
      9  28967  16452  15930  16453    242
      9  16451  28967  16453   8246    243
      9   8225  16408  28968  16452    244
      9  16408   3913  16454  28968    245
      9  28968  16454   8247  16455    246
      9  16452  28968  16455  15930    247
      9  15930  16455  28969  16456    248
      9  16455   8247  16457  28969    249
      9  28969  16457   7912  16458    250
      9  16456  28969  16458   8248    251
      9   8246  16453  28970  16459    252
      9  16453  15930  16456  28970    253
      9  28970  16456   8248  16460    254
      9  16459  28970  16460   3925    255
      9   3913  16402  28971  16454    256
      9  16402   8223  16461  28971    257
      9  28971  16461  15931  16462    258
      9  16454  28971  16462   8247    259
      9  15931  16461  16463   8249    260
      9  16461   8223   2077  16463    261
      9   8250  16464  16465   3926    262
      9  16464  15931   8249  16465    263
      9   8247  16462  28972  16457    264
      9  16462  15931  16464  28972    265
      9  28972  16464   8250  16466    266
      9  16457  28972  16466   7912    267
      9   7912  16466  28973  16467    268
      9  16466   8250  16468  28973    269
      9  28973  16468  15932  16469    270
      9  16467  28973  16469   8251    271
      9  15932  16468  16470   8252    272
      9  16468   8250   3926  16470    273
      9   8253  16471  16472   3791    274
      9  16471  15932   8252  16472    275
      9   8251  16469  28974  16473    276
      9  16469  15932  16471  28974    277
      9  28974  16471   8253  16474    278
      9  16473  28974  16474   3927    279
      9   3925  16460  28975  16475    280
      9  16460   8248  16476  28975    281
      9  28975  16476  15933  16477    282
      9  16475  28975  16477   8254    283
      9   8248  16458  28976  16476    284
      9  16458   7912  16467  28976    285
      9  28976  16467   8251  16478    286
      9  16476  28976  16478  15933    287
      9  15933  16478  28977  16479    288
      9  16478   8251  16473  28977    289
      9  28977  16473   3927  16480    290
      9  16479  28977  16480   8255    291
      9   8254  16477  28978  16481    292
      9  16477  15933  16479  28978    293
      9  28978  16479   8255  16482    294
      9  16481  28978  16482   2081    295
      9   8249  16463  16483  15934    296
      9  16463   2077   8217  16483    297
      9  15934  16483  16484   8256    298
      9  16483   8217   3911  16484    299
      9   8257  16485  16486   7913    300
      9  16485  15934   8256  16486    301
      9   3926  16465  16485   8257    302
      9  16465   8249  15934  16485    303
      9   8256  16484  16487  15935    304
      9  16484   3911   8215  16487    305
      9  15935  16487  16445   8242    306
      9  16487   8215   1934  16445    307
      9   8258  16488  16443   3923    308
      9  16488  15935   8242  16443    309
      9   7913  16486  16488   8258    310
      9  16486   8256  15935  16488    311
      9   8259  16489  16490  15936    312
      9  16489   7913   8258  16490    313
      9  15936  16490  16441   8240    314
      9  16490   8258   3923  16441    315
      9   8260  16491  16439   2079    316
      9  16491  15936   8240  16439    317
      9   3928  16492  16491   8260    318
      9  16492   8259  15936  16491    319
      9   8252  16470  16493  15937    320
      9  16470   3926   8257  16493    321
      9  15937  16493  16489   8259    322
      9  16493   8257   7913  16489    323
      9   8261  16494  16492   3928    324
      9  16494  15937   8259  16492    325
      9   3791  16472  16494   8261    326
      9  16472   8252  15937  16494    327
      9   8262  16495  16496  15938    328
      9  16495   3791   8261  16496    329
      9  15938  16496  16497   8263    330
      9  16496   8261   3928  16497    331
      9   8264  16498  16499   7914    332
      9  16498  15938   8263  16499    333
      9   3929  16500  16498   8264    334
      9  16500   8262  15938  16498    335
      9   8263  16497  16501  15939    336
      9  16497   3928   8260  16501    337
      9  15939  16501  16433   8236    338
      9  16501   8260   2079  16433    339
      9   8265  16502  16431   3919    340
      9  16502  15939   8236  16431    341
      9   7914  16499  16502   8265    342
      9  16499   8263  15939  16502    343
      9   8266  16503  16504  15940    344
      9  16503   7914   8265  16504    345
      9  15940  16504  16429   8234    346
      9  16504   8265   3919  16429    347
      9   8267  16505  16427    901    348
      9  16505  15940   8234  16427    349
      9   3930  16506  16505   8267    350
      9  16506   8266  15940  16505    351
      9   8268  16507  16508  15941    352
      9  16507   3929   8264  16508    353
      9  15941  16508  16503   8266    354
      9  16508   8264   7914  16503    355
      9   8269  16509  16506   3930    356
      9  16509  15941   8266  16506    357
      9   2082  16510  16509   8269    358
      9  16510   8268  15941  16509    359
      9   2081  16482  28979  16511    360
      9  16482   8255  16512  28979    361
      9  28979  16512  15942  16513    362
      9  16511  28979  16513   8270    363
      9   8255  16480  28980  16512    364
      9  16480   3927  16514  28980    365
      9  28980  16514   8271  16515    366
      9  16512  28980  16515  15942    367
      9  15942  16515  28981  16516    368
      9  16515   8271  16517  28981    369
      9  28981  16517   7915  16518    370
      9  16516  28981  16518   8272    371
      9   8270  16513  28982  16519    372
      9  16513  15942  16516  28982    373
      9  28982  16516   8272  16520    374
      9  16519  28982  16520   3931    375
      9   3927  16474  28983  16514    376
      9  16474   8253  16521  28983    377
      9  28983  16521  15943  16522    378
      9  16514  28983  16522   8271    379
      9  15943  16521  16495   8262    380
      9  16521   8253   3791  16495    381
      9   8273  16523  16500   3929    382
      9  16523  15943   8262  16500    383
      9   8271  16522  28984  16517    384
      9  16522  15943  16523  28984    385
      9  28984  16523   8273  16524    386
      9  16517  28984  16524   7915    387
      9   7915  16524  28985  16525    388
      9  16524   8273  16526  28985    389
      9  28985  16526  15944  16527    390
      9  16525  28985  16527   8274    391
      9  15944  16526  16507   8268    392
      9  16526   8273   3929  16507    393
      9   8275  16528  16510   2082    394
      9  16528  15944   8268  16510    395
      9   8274  16527  28986  16529    396
      9  16527  15944  16528  28986    397
      9  28986  16528   8275  16530    398
      9  16529  28986  16530   3932    399
      9   3931  16520  28987  16531    400
      9  16520   8272  16532  28987    401
      9  28987  16532  15945  16533    402
      9  16531  28987  16533   8276    403
      9   8272  16518  28988  16532    404
      9  16518   7915  16525  28988    405
      9  28988  16525   8274  16534    406
      9  16532  28988  16534  15945    407
      9  15945  16534  28989  16535    408
      9  16534   8274  16529  28989    409
      9  28989  16529   3932  16536    410
      9  16535  28989  16536   8277    411
      9   8276  16533  28990  16537    412
      9  16533  15945  16535  28990    413
      9  28990  16535   8277  16538    414
      9  16537  28990  16538      1    415
      9      1  16538  28991  16539    416
      9  16538   8277  16540  28991    417
      9  28991  16540  15946  16541    418
      9  16539  28991  16541   8278    419
      9   8277  16536  28992  16540    420
      9  16536   3932  16542  28992    421
      9  28992  16542   8279  16543    422
      9  16540  28992  16543  15946    423
      9  15946  16543  28993  16544    424
      9  16543   8279  16545  28993    425
      9  28993  16545   7916  16546    426
      9  16544  28993  16546   8280    427
      9   8278  16541  28994  16547    428
      9  16541  15946  16544  28994    429
      9  28994  16544   8280  16548    430
      9  16547  28994  16548   3933    431
      9   3932  16530  28995  16542    432
      9  16530   8275  16549  28995    433
      9  28995  16549  15947  16550    434
      9  16542  28995  16550   8279    435
      9  15947  16549  16551   8281    436
      9  16549   8275   2082  16551    437
      9   8282  16552  16553   3934    438
      9  16552  15947   8281  16553    439
      9   8279  16550  28996  16545    440
      9  16550  15947  16552  28996    441
      9  28996  16552   8282  16554    442
      9  16545  28996  16554   7916    443
      9   7916  16554  28997  16555    444
      9  16554   8282  16556  28997    445
      9  28997  16556  15948  16557    446
      9  16555  28997  16557   8283    447
      9  15948  16556  16558   8284    448
      9  16556   8282   3934  16558    449
      9   8285  16559  16560   3792    450
      9  16559  15948   8284  16560    451
      9   8283  16557  28998  16561    452
      9  16557  15948  16559  28998    453
      9  28998  16559   8285  16562    454
      9  16561  28998  16562   3935    455
      9   3933  16548  28999  16563    456
      9  16548   8280  16564  28999    457
      9  28999  16564  15949  16565    458
      9  16563  28999  16565   8286    459
      9   8280  16546  29000  16564    460
      9  16546   7916  16555  29000    461
      9  29000  16555   8283  16566    462
      9  16564  29000  16566  15949    463
      9  15949  16566  29001  16567    464
      9  16566   8283  16561  29001    465
      9  29001  16561   3935  16568    466
      9  16567  29001  16568   8287    467
      9   8286  16565  29002  16569    468
      9  16565  15949  16567  29002    469
      9  29002  16567   8287  16570    470
      9  16569  29002  16570   2083    471
      9   8281  16551  16571  15950    472
      9  16551   2082   8269  16571    473
      9  15950  16571  16572   8288    474
      9  16571   8269   3930  16572    475
      9   8289  16573  16574   7917    476
      9  16573  15950   8288  16574    477
      9   3934  16553  16573   8289    478
      9  16553   8281  15950  16573    479
      9   8288  16572  16575  15951    480
      9  16572   3930   8267  16575    481
      9  15951  16575  16576   8290    482
      9  16575   8267    901  16576    483
      9   8291  16577  16578   3936    484
      9  16577  15951   8290  16578    485
      9   7917  16574  16577   8291    486
      9  16574   8288  15951  16577    487
      9   8292  16579  16580  15952    488
      9  16579   7917   8291  16580    489
      9  15952  16580  16581   8293    490
      9  16580   8291   3936  16581    491
      9   8294  16582  16583   2084    492
      9  16582  15952   8293  16583    493
      9   3937  16584  16582   8294    494
      9  16584   8292  15952  16582    495
      9   8284  16558  16585  15953    496
      9  16558   3934   8289  16585    497
      9  15953  16585  16579   8292    498
      9  16585   8289   7917  16579    499
      9   8295  16586  16584   3937    500
      9  16586  15953   8292  16584    501
      9   3792  16560  16586   8295    502
      9  16560   8284  15953  16586    503
      9   8296  16587  16588  15954    504
      9  16587   3792   8295  16588    505
      9  15954  16588  16589   8297    506
      9  16588   8295   3937  16589    507
      9   8298  16590  16591   7918    508
      9  16590  15954   8297  16591    509
      9   3938  16592  16590   8298    510
      9  16592   8296  15954  16590    511
      9   8297  16589  16593  15955    512
      9  16589   3937   8294  16593    513
      9  15955  16593  16594   8299    514
      9  16593   8294   2084  16594    515
      9   8300  16595  16596   3939    516
      9  16595  15955   8299  16596    517
      9   7918  16591  16595   8300    518
      9  16591   8297  15955  16595    519
      9   8301  16597  16598  15956    520
      9  16597   7918   8300  16598    521
      9  15956  16598  16599   8302    522
      9  16598   8300   3939  16599    523
      9   8303  16600  16601   1935    524
      9  16600  15956   8302  16601    525
      9   3940  16602  16600   8303    526
      9  16602   8301  15956  16600    527
      9   8304  16603  16604  15957    528
      9  16603   3938   8298  16604    529
      9  15957  16604  16597   8301    530
      9  16604   8298   7918  16597    531
      9   8305  16605  16602   3940    532
      9  16605  15957   8301  16602    533
      9   2085  16606  16605   8305    534
      9  16606   8304  15957  16605    535
      9   2083  16570  29003  16607    536
      9  16570   8287  16608  29003    537
      9  29003  16608  15958  16609    538
      9  16607  29003  16609   8306    539
      9   8287  16568  29004  16608    540
      9  16568   3935  16610  29004    541
      9  29004  16610   8307  16611    542
      9  16608  29004  16611  15958    543
      9  15958  16611  29005  16612    544
      9  16611   8307  16613  29005    545
      9  29005  16613   7919  16614    546
      9  16612  29005  16614   8308    547
      9   8306  16609  29006  16615    548
      9  16609  15958  16612  29006    549
      9  29006  16612   8308  16616    550
      9  16615  29006  16616   3941    551
      9   3935  16562  29007  16610    552
      9  16562   8285  16617  29007    553
      9  29007  16617  15959  16618    554
      9  16610  29007  16618   8307    555
      9  15959  16617  16587   8296    556
      9  16617   8285   3792  16587    557
      9   8309  16619  16592   3938    558
      9  16619  15959   8296  16592    559
      9   8307  16618  29008  16613    560
      9  16618  15959  16619  29008    561
      9  29008  16619   8309  16620    562
      9  16613  29008  16620   7919    563
      9   7919  16620  29009  16621    564
      9  16620   8309  16622  29009    565
      9  29009  16622  15960  16623    566
      9  16621  29009  16623   8310    567
      9  15960  16622  16603   8304    568
      9  16622   8309   3938  16603    569
      9   8311  16624  16606   2085    570
      9  16624  15960   8304  16606    571
      9   8310  16623  29010  16625    572
      9  16623  15960  16624  29010    573
      9  29010  16624   8311  16626    574
      9  16625  29010  16626   3942    575
      9   3941  16616  29011  16627    576
      9  16616   8308  16628  29011    577
      9  29011  16628  15961  16629    578
      9  16627  29011  16629   8312    579
      9   8308  16614  29012  16628    580
      9  16614   7919  16621  29012    581
      9  29012  16621   8310  16630    582
      9  16628  29012  16630  15961    583
      9  15961  16630  29013  16631    584
      9  16630   8310  16625  29013    585
      9  29013  16625   3942  16632    586
      9  16631  29013  16632   8313    587
      9   8312  16629  29014  16633    588
      9  16629  15961  16631  29014    589
      9  29014  16631   8313  16634    590
      9  16633  29014  16634    902    591
      9   1935  16601  16635   3943    592
      9  16601   8302   8314  16635    593
      9   8302  16599  16636   8314    594
      9  16599   3939   7920  16636    595
      9   3939  16596  16637   7920    596
      9  16596   8299   8315  16637    597
      9   8299  16594  16638   8315    598
      9  16594   2084   3944  16638    599
      9   7920  16637  16639   3945    600
      9  16637   8315   8316  16639    601
      9   8315  16638  16640   8316    602
      9  16638   3944   2086  16640    603
      9   3943  16635  16641    903    604
      9  16635   8314   8317  16641    605
      9   8314  16636  16642   8317    606
      9  16636   7920   3945  16642    607
      9   2084  16583  16643   3944    608
      9  16583   8293   8318  16643    609
      9   8293  16581  16644   8318    610
      9  16581   3936   7921  16644    611
      9   3936  16578  16645   7921    612
      9  16578   8290   8319  16645    613
      9   8290  16576  16646   8319    614
      9  16576    901   3920  16646    615
      9   7921  16645  16647   3946    616
      9  16645   8319   8320  16647    617
      9   8319  16646  16648   8320    618
      9  16646   3920     16  16648    619
      9   3944  16643  16649   2086    620
      9  16643   8318   8321  16649    621
      9   8318  16644  16650   8321    622
      9  16644   7921   3946  16650    623
      9    904  16651  16652   3948    624
      9  16651   8322   8323  16652    625
      9   8322  16653  16654   8323    626
      9  16653   3947   7922  16654    627
      9   3947  16655  16656   7922    628
      9  16655   8324   8325  16656    629
      9   8324  16657  16658   8325    630
      9  16657   2087   3949  16658    631
      9   7922  16656  16659   3950    632
      9  16656   8325   8326  16659    633
      9   8325  16658  16660   8326    634
      9  16658   3949   2088  16660    635
      9   3948  16652  16661     17    636
      9  16652   8323   8327  16661    637
      9   8323  16654  16662   8327    638
      9  16654   7922   3950  16662    639
      9   2087  16663  16664   3949    640
      9  16663   8328   8329  16664    641
      9   8328  16665  16666   8329    642
      9  16665   3951   7923  16666    643
      9   3951  16667  16668   7923    644
      9  16667   8330   8331  16668    645
      9   8330  16669  16670   8331    646
      9  16669   1935   3943  16670    647
      9   7923  16668  16671   3952    648
      9  16668   8331   8332  16671    649
      9   8331  16670  16672   8332    650
      9  16670   3943    903  16672    651
      9   3949  16664  16673   2088    652
      9  16664   8329   8333  16673    653
      9   8329  16666  16674   8333    654
      9  16666   7923   3952  16674    655
      9    902  16634  29015  16675    656
      9  16634   8313  16676  29015    657
      9  29015  16676  15962  16677    658
      9  16675  29015  16677   8334    659
      9   8313  16632  29016  16676    660
      9  16632   3942  16678  29016    661
      9  29016  16678   8335  16679    662
      9  16676  29016  16679  15962    663
      9  15962  16679  29017  16680    664
      9  16679   8335  16681  29017    665
      9  29017  16681   7924  16682    666
      9  16680  29017  16682   8336    667
      9   8334  16677  29018  16683    668
      9  16677  15962  16680  29018    669
      9  29018  16680   8336  16684    670
      9  16683  29018  16684   3953    671
      9   3942  16626  29019  16678    672
      9  16626   8311  16685  29019    673
      9  29019  16685  15963  16686    674
      9  16678  29019  16686   8335    675
      9  15963  16685  16687   8337    676
      9  16685   8311   2085  16687    677
      9   8338  16688  16689   3954    678
      9  16688  15963   8337  16689    679
      9   8335  16686  29020  16681    680
      9  16686  15963  16688  29020    681
      9  29020  16688   8338  16690    682
      9  16681  29020  16690   7924    683
      9   7924  16690  29021  16691    684
      9  16690   8338  16692  29021    685
      9  29021  16692  15964  16693    686
      9  16691  29021  16693   8339    687
      9  15964  16692  16694   8340    688
      9  16692   8338   3954  16694    689
      9   8341  16695  16696   3793    690
      9  16695  15964   8340  16696    691
      9   8339  16693  29022  16697    692
      9  16693  15964  16695  29022    693
      9  29022  16695   8341  16698    694
      9  16697  29022  16698   3955    695
      9   3953  16684  29023  16699    696
      9  16684   8336  16700  29023    697
      9  29023  16700  15965  16701    698
      9  16699  29023  16701   8342    699
      9   8336  16682  29024  16700    700
      9  16682   7924  16691  29024    701
      9  29024  16691   8339  16702    702
      9  16700  29024  16702  15965    703
      9  15965  16702  29025  16703    704
      9  16702   8339  16697  29025    705
      9  29025  16697   3955  16704    706
      9  16703  29025  16704   8343    707
      9   8342  16701  29026  16705    708
      9  16701  15965  16703  29026    709
      9  29026  16703   8343  16706    710
      9  16705  29026  16706   2089    711
      9   8337  16687  16707  15966    712
      9  16687   2085   8305  16707    713
      9  15966  16707  16708   8344    714
      9  16707   8305   3940  16708    715
      9   8345  16709  16710   7925    716
      9  16709  15966   8344  16710    717
      9   3954  16689  16709   8345    718
      9  16689   8337  15966  16709    719
      9   8344  16708  16711  15967    720
      9  16708   3940   8303  16711    721
      9  15967  16711  16669   8330    722
      9  16711   8303   1935  16669    723
      9   8346  16712  16667   3951    724
      9  16712  15967   8330  16667    725
      9   7925  16710  16712   8346    726
      9  16710   8344  15967  16712    727
      9   8347  16713  16714  15968    728
      9  16713   7925   8346  16714    729
      9  15968  16714  16665   8328    730
      9  16714   8346   3951  16665    731
      9   8348  16715  16663   2087    732
      9  16715  15968   8328  16663    733
      9   3956  16716  16715   8348    734
      9  16716   8347  15968  16715    735
      9   8340  16694  16717  15969    736
      9  16694   3954   8345  16717    737
      9  15969  16717  16713   8347    738
      9  16717   8345   7925  16713    739
      9   8349  16718  16716   3956    740
      9  16718  15969   8347  16716    741
      9   3793  16696  16718   8349    742
      9  16696   8340  15969  16718    743
      9   8350  16719  16720  15970    744
      9  16719   3793   8349  16720    745
      9  15970  16720  16721   8351    746
      9  16720   8349   3956  16721    747
      9   8352  16722  16723   7926    748
      9  16722  15970   8351  16723    749
      9   3957  16724  16722   8352    750
      9  16724   8350  15970  16722    751
      9   8351  16721  16725  15971    752
      9  16721   3956   8348  16725    753
      9  15971  16725  16657   8324    754
      9  16725   8348   2087  16657    755
      9   8353  16726  16655   3947    756
      9  16726  15971   8324  16655    757
      9   7926  16723  16726   8353    758
      9  16723   8351  15971  16726    759
      9   8354  16727  16728  15972    760
      9  16727   7926   8353  16728    761
      9  15972  16728  16653   8322    762
      9  16728   8353   3947  16653    763
      9   8355  16729  16651    904    764
      9  16729  15972   8322  16651    765
      9   3958  16730  16729   8355    766
      9  16730   8354  15972  16729    767
      9   8356  16731  16732  15973    768
      9  16731   3957   8352  16732    769
      9  15973  16732  16727   8354    770
      9  16732   8352   7926  16727    771
      9   8357  16733  16730   3958    772
      9  16733  15973   8354  16730    773
      9   2090  16734  16733   8357    774
      9  16734   8356  15973  16733    775
      9   2089  16706  29027  16735    776
      9  16706   8343  16736  29027    777
      9  29027  16736  15974  16737    778
      9  16735  29027  16737   8358    779
      9   8343  16704  29028  16736    780
      9  16704   3955  16738  29028    781
      9  29028  16738   8359  16739    782
      9  16736  29028  16739  15974    783
      9  15974  16739  29029  16740    784
      9  16739   8359  16741  29029    785
      9  29029  16741   7927  16742    786
      9  16740  29029  16742   8360    787
      9   8358  16737  29030  16743    788
      9  16737  15974  16740  29030    789
      9  29030  16740   8360  16744    790
      9  16743  29030  16744   3959    791
      9   3955  16698  29031  16738    792
      9  16698   8341  16745  29031    793
      9  29031  16745  15975  16746    794
      9  16738  29031  16746   8359    795
      9  15975  16745  16719   8350    796
      9  16745   8341   3793  16719    797
      9   8361  16747  16724   3957    798
      9  16747  15975   8350  16724    799
      9   8359  16746  29032  16741    800
      9  16746  15975  16747  29032    801
      9  29032  16747   8361  16748    802
      9  16741  29032  16748   7927    803
      9   7927  16748  29033  16749    804
      9  16748   8361  16750  29033    805
      9  29033  16750  15976  16751    806
      9  16749  29033  16751   8362    807
      9  15976  16750  16731   8356    808
      9  16750   8361   3957  16731    809
      9   8363  16752  16734   2090    810
      9  16752  15976   8356  16734    811
      9   8362  16751  29034  16753    812
      9  16751  15976  16752  29034    813
      9  29034  16752   8363  16754    814
      9  16753  29034  16754   3960    815
      9   3959  16744  29035  16755    816
      9  16744   8360  16756  29035    817
      9  29035  16756  15977  16757    818
      9  16755  29035  16757   8364    819
      9   8360  16742  29036  16756    820
      9  16742   7927  16749  29036    821
      9  29036  16749   8362  16758    822
      9  16756  29036  16758  15977    823
      9  15977  16758  29037  16759    824
      9  16758   8362  16753  29037    825
      9  29037  16753   3960  16760    826
      9  16759  29037  16760   8365    827
      9   8364  16757  29038  16761    828
      9  16757  15977  16759  29038    829
      9  29038  16759   8365  16762    830
      9  16761  29038  16762      2    831
      9      2  16762  29039  16763    832
      9  16762   8365  16764  29039    833
      9  29039  16764  15978  16765    834
      9  16763  29039  16765   8366    835
      9   8365  16760  29040  16764    836
      9  16760   3960  16766  29040    837
      9  29040  16766   8367  16767    838
      9  16764  29040  16767  15978    839
      9  15978  16767  29041  16768    840
      9  16767   8367  16769  29041    841
      9  29041  16769   7928  16770    842
      9  16768  29041  16770   8368    843
      9   8366  16765  29042  16771    844
      9  16765  15978  16768  29042    845
      9  29042  16768   8368  16772    846
      9  16771  29042  16772   3961    847
      9   3960  16754  29043  16766    848
      9  16754   8363  16773  29043    849
      9  29043  16773  15979  16774    850
      9  16766  29043  16774   8367    851
      9  15979  16773  16775   8369    852
      9  16773   8363   2090  16775    853
      9   8370  16776  16777   3962    854
      9  16776  15979   8369  16777    855
      9   8367  16774  29044  16769    856
      9  16774  15979  16776  29044    857
      9  29044  16776   8370  16778    858
      9  16769  29044  16778   7928    859
      9   7928  16778  29045  16779    860
      9  16778   8370  16780  29045    861
      9  29045  16780  15980  16781    862
      9  16779  29045  16781   8371    863
      9  15980  16780  16782   8372    864
      9  16780   8370   3962  16782    865
      9   8373  16783  16784   3794    866
      9  16783  15980   8372  16784    867
      9   8371  16781  29046  16785    868
      9  16781  15980  16783  29046    869
      9  29046  16783   8373  16786    870
      9  16785  29046  16786   3963    871
      9   3961  16772  29047  16787    872
      9  16772   8368  16788  29047    873
      9  29047  16788  15981  16789    874
      9  16787  29047  16789   8374    875
      9   8368  16770  29048  16788    876
      9  16770   7928  16779  29048    877
      9  29048  16779   8371  16790    878
      9  16788  29048  16790  15981    879
      9  15981  16790  29049  16791    880
      9  16790   8371  16785  29049    881
      9  29049  16785   3963  16792    882
      9  16791  29049  16792   8375    883
      9   8374  16789  29050  16793    884
      9  16789  15981  16791  29050    885
      9  29050  16791   8375  16794    886
      9  16793  29050  16794   2091    887
      9   8369  16775  16795  15982    888
      9  16775   2090   8357  16795    889
      9  15982  16795  16796   8376    890
      9  16795   8357   3958  16796    891
      9   8377  16797  16798   7929    892
      9  16797  15982   8376  16798    893
      9   3962  16777  16797   8377    894
      9  16777   8369  15982  16797    895
      9   8376  16796  16799  15983    896
      9  16796   3958   8355  16799    897
      9  15983  16799  16800   8378    898
      9  16799   8355    904  16800    899
      9   8379  16801  16802   3964    900
      9  16801  15983   8378  16802    901
      9   7929  16798  16801   8379    902
      9  16798   8376  15983  16801    903
      9   8380  16803  16804  15984    904
      9  16803   7929   8379  16804    905
      9  15984  16804  16805   8381    906
      9  16804   8379   3964  16805    907
      9   8382  16806  16807   2092    908
      9  16806  15984   8381  16807    909
      9   3965  16808  16806   8382    910
      9  16808   8380  15984  16806    911
      9   8372  16782  16809  15985    912
      9  16782   3962   8377  16809    913
      9  15985  16809  16803   8380    914
      9  16809   8377   7929  16803    915
      9   8383  16810  16808   3965    916
      9  16810  15985   8380  16808    917
      9   3794  16784  16810   8383    918
      9  16784   8372  15985  16810    919
      9   8384  16811  16812  15986    920
      9  16811   3794   8383  16812    921
      9  15986  16812  16813   8385    922
      9  16812   8383   3965  16813    923
      9   8386  16814  16815   7930    924
      9  16814  15986   8385  16815    925
      9   3966  16816  16814   8386    926
